0.177500
0.260000
0.322500
0.325000
0.365000
0.372500
0.345000
0.367500
0.412500
0.430000
0.507500
0.555000
0.525000
0.512500
0.525000
0.542500
0.602500
0.570000
0.595000
0.580000
0.657500
0.617500
0.655000
0.667500
0.670000
0.630000
0.672500
0.665000
0.625000
0.632500
0.680000
0.640000
0.672500
0.690000
0.687500
0.737500
0.657500
0.685000
0.627500
0.707500
0.715000
0.722500
0.667500
0.762500
0.725000
0.710000
0.665000
0.765000
0.755000
0.732500
0.735000
0.785000
0.770000
0.720000
0.807500
0.770000
0.760000
0.790000
0.752500
0.847500
0.762500
0.787500
0.760000
0.830000
0.772500
0.737500
0.765000
0.810000
0.785000
0.725000
0.802500
0.792500
0.822500
0.787500
0.812500
0.747500
0.790000
0.802500
0.807500
0.802500
0.790000
0.797500
0.840000
0.802500
0.842500
0.735000
0.795000
0.842500
0.800000
0.802500
0.787500
0.807500
0.792500
0.845000
0.777500
0.807500
0.850000
0.890000
0.770000
0.835000
0.837500
0.850000
0.825000
0.807500
0.840000
0.787500
0.827500
0.805000
0.865000
0.822500
0.832500
0.855000
0.807500
0.790000
0.820000
0.840000
0.822500
0.817500
0.837500
0.817500
0.822500
0.857500
0.832500
0.837500
0.827500
0.865000
0.817500
0.827500
0.857500
0.822500
0.835000
0.850000
0.835000
0.837500
0.832500
0.842500
0.840000
0.880000
0.832500
0.820000
0.880000
0.812500
0.837500
0.827500
0.845000
0.850000
0.852500
0.860000
0.845000
0.842500
0.835000
0.855000
0.885000
0.855000
0.857500
0.855000
0.870000
0.852500
0.872500
0.835000
0.827500
0.857500
0.867500
0.875000
0.877500
0.877500
0.872500
0.887500
0.880000
0.845000
0.852500
0.850000
0.832500
0.887500
0.847500
0.857500
0.882500
0.832500
0.880000
0.847500
0.877500
0.870000
0.905000
0.837500
0.872500
0.875000
0.855000
0.895000
0.837500
0.895000
0.847500
0.850000
0.840000
0.887500
0.862500
0.855000
0.865000
0.865000
0.872500
0.840000
0.882500
0.880000
0.830000
0.887500
0.865000
0.870000
0.830000
0.892500
0.852500
0.895000
0.867500
0.865000
0.827500
0.877500
0.855000
0.887500
0.865000
0.867500
0.855000
0.870000
0.885000
0.857500
0.855000
0.875000
0.877500
0.855000
0.877500
0.877500
0.872500
0.872500
0.880000
0.885000
0.885000
0.872500
0.862500
0.890000
0.860000
0.872500
0.865000
0.890000
0.870000
0.862500
0.872500
0.877500
0.862500
0.872500
0.892500
0.867500
0.862500
0.862500
0.892500
0.885000
0.842500
0.847500
0.880000
0.895000
0.852500
0.895000
0.882500
0.867500
0.870000
0.885000
0.857500
0.875000
0.892500
0.860000
0.855000
0.867500
0.897500
0.862500
0.870000
0.887500
0.887500
0.857500
0.880000
0.875000
0.885000
0.860000
0.872500
0.902500
0.885000
0.855000
0.877500
0.870000
0.907500
0.890000
0.880000
0.847500
0.870000
0.905000
0.872500
0.875000
0.875000
0.857500
0.850000
0.902500
0.895000
0.872500
0.882500
0.890000
0.907500
0.870000
0.867500
0.882500
0.865000
0.915000
0.872500
0.895000
0.895000
0.877500
0.882500
0.847500
0.922500
0.890000
0.895000
0.885000
0.897500
0.875000
0.870000
0.885000
0.902500
0.890000
0.890000
0.862500
0.857500
0.907500
0.905000
0.862500
0.907500
0.895000
0.887500
0.897500
0.867500
0.872500
0.905000
0.905000
0.890000
0.877500
0.835000
0.857500
0.877500
0.845000
0.882500
0.907500
0.882500
0.892500
0.902500
0.912500
0.900000
0.897500
0.880000
0.890000
0.867500
0.875000
0.902500
0.900000
0.895000
0.870000
0.917500
0.882500
0.897500
0.887500
0.895000
0.907500
0.902500
0.880000
0.900000
0.872500
0.902500
0.887500
0.902500
0.857500
0.892500
0.872500
0.880000
0.867500
0.870000
0.855000
0.862500
0.902500
0.937500
0.902500
0.895000
0.885000
0.892500
0.887500
0.882500
0.902500
0.897500
0.860000
0.915000
0.895000
0.910000
0.905000
0.897500
0.905000
0.900000
0.890000
0.902500
0.865000
0.895000
0.895000
0.890000
0.902500
0.900000
0.870000
0.897500
0.912500
0.890000
0.872500
0.882500
0.917500
0.900000
0.885000
0.880000
0.880000
0.910000
0.920000
0.875000
0.895000
0.900000
0.897500
0.880000
0.925000
0.895000
0.907500
0.877500
0.875000
0.890000
0.912500
0.905000
0.895000
0.902500
0.925000
0.875000
0.890000
0.922500
0.892500
0.905000
0.882500
0.902500
0.895000
0.912500
0.895000
0.895000
0.930000
0.895000
0.885000
0.887500
0.890000
0.887500
0.912500
0.890000
0.937500
0.877500
0.865000
0.887500
0.892500
0.927500
0.900000
0.900000
0.910000
0.905000
0.875000
0.887500
0.885000
0.897500
0.895000
0.900000
0.917500
0.892500
0.920000
0.870000
0.897500
0.900000
0.887500
0.905000
0.895000
0.917500
0.905000
0.907500
0.917500
0.912500
0.870000
0.905000
0.895000
0.930000
0.892500
0.922500
0.907500
0.905000
0.882500
0.902500
0.897500
0.877500
0.907500
0.917500
0.930000
0.897500
0.915000
